72181
0
3842
66
2
15
7216
132
156
120
5233
914
211
245
7275
830
112
123
8160
206
263
5434
1359
367
309
6392
213
229
273
1990
382
7740
464
4138
7025
1301
2059
269
1818
246
253
1150
4008
2660
3564
9402
2473
326
335
327
7670
277
215
172
175
4720
1538
268
274
224
3126
197
6567
154
9940
70
96
62
1
23
2637
6925
3088
6177
103
77
1626
6540
7975
114
7349
71
4627
36
4887
6031
4319
6404
825
8452
80
116
9283
3187
78
29
8
82
1123
5567
57
8618
9326
359
167
9999
166
174
194
236
256
4620
289
218
186
240
6274
181
143
624
118
99
2819
164
6562
4172
331
5507
259
3589
798
207
234
4552
315
365
5309
384
423
9027
437
6485
370
434
393
457
9606
474
1866
330
305
221
9998
6382
7095
1115
4650
9252
6980
7653
8644
1010
1595
4559
1078
1594
9922
2266
1809
2603
7007
5646
5283
1286
3820
1277
1244
1173
1202
5607
1205
4116
7921
2024
4322
1015
9482
884
799
906
1576
9854
740
824
899
5701
1026
683
1487
564
603
8762
7374
515
843
450
1079
518
584
587
662
652
645
577
4424
485
8051
388
328
329
381
1025
8206
395
392
451
440
3954
816
572
6351
6586
8025
667
630
885
731
4580
2966
3259
869
879
803
882
9522
2932
876
800
8297
6491
739
688
678
628
621
625
569
506
459
445
5192
443
4477
535
3387
585
527
556
7039
686
717
653
663
707
752
788
770
6247
677
8300
3889
848
7679
2879
905
833
7728
765
696
2422
713
5933
829
832
2513
7558
935
2487
1005
1039
959
875
941
6741
9064
1153
1116
1037
4258
1106
4825
1240
1308
1380
7289
1716
8369
1443
3945
1312
7393
1408
1338
1249
6605
1185
1183
1253
5687
4907
1246
1188
1984
7980
1059
1004
979
5331
1124
7509
8465
942
6079
921
2785
7122
4548
999
1065
1018
1051
1063
1061
968
956
1014
1029
1024
1112
1524
1177
1255
1333
1340
1288
8513
1192
1261
1191
6090
5774
1145
8996
1281
1354
1365
1385
3263
1305
7822
1137
1167
1094
1122
6034
1327
1089
1141
5413
4460
1264
1292
1220
7862
1316
5002
1384
6684
1447
1364
1391
1450
6890
7522
5866
1549
1509
1607
1543
1548
1625
4470
1720
5677
1691
1632
1668
3776
4403
1647
7414
1741
6871
1798
1739
1653
1578
1540
3916
1705
1708
1624
6662
4541
1504
1460
6810
7335
1320
1367
1425
9305
6473
1431
1358
7012
5100
5411
5410
2595
2594
9289
2643
4417
4202
1547
5603
8546
1768
4929
1863
2816
2584
2583
9937
9936
5265
3959
2083
6971
1960
2397
4651
2022
1952
1842
1882
1789
4563
4992
9220
1985
5408
2772
3127
2189
2260
2306
2226
2233
2246
2192
2132
2158
2474
2037
2107
2065
1972
1897
1981
3054
1949
1853
1775
5018
1802
1874
1957
2019
2084
2156
2249
2146
2234
2302
2355
2417
2442
2494
2541
9737
5252
2383
2334
2359
2441
2529
9993
2839
6075
2581
5985
5415
9066
5974
3994
9463
7612
2880
9960
2938
5545
2978
3755
2945
2882
2865
2782
3940
2640
2712
9687
8373
5563
9511
4588
8975
6950
3068
3034
3151
3094
5335
9109
3249
3319
3409
3460
3517
3507
3575
3587
3670
3523
3485
3439
3494
3541
3583
3642
3680
5021
5059
3844
3758
3718
3761
3802
3689
3635
3649
3745
3818
3849
3953
3876
3969
3998
4054
4080
3974
6581
4092
4179
4205
4173
4131
4086
4018
3896
3908
3912
3821
3756
5979
3658
3691
3726
3675
3639
3540
3566
3628
3582
3535
8594
4282
5119
3239
3201
3299
3380
3471
3408
7567
3344
3354
3352
3264
3195
3272
3256
3244
3174
9340
9247
3179
3095
3096
3193
3280
3270
3614
3172
3099
3006
2936
3012
3018
2940
6434
2801
9060
2694
2703
2611
2679
2758
9036
2859
2796
3391
2602
2509
2542
4993
7265
7445
2380
2295
2219
2140
7623
3556
5789
2115
2208
2227
2300
2386
2453
2426
8855
2293
2346
2439
4699
9133
2317
2738
2468
2560
2545
2516
2616
2546
2629
2716
6423
2634
2748
2659
9886
2830
2810
2723
2600
2642
2571
2533
2399
2365
4685
9935
3455
2484
5744
6670
3346
7482
7479
2910
2909
2981
9137
3071
5435
3100
2995
6989
8989
3799
3163
3237
3231
3234
3315
3307
3217
3153
3080
5050
2982
2895
2919
2825
6398
2818
2893
5292
5802
2993
2941
3061
3105
3076
3167
9668
3253
3313
3355
3373
3414
5609
3478
3452
3418
3341
3430
3411
3407
3503
3461
6568
3301
3324
9906
9964
3416
9962
4412
8536
3617
3548
3595
3673
3735
3795
3687
3602
3505
7363
3521
9445
3555
3598
3663
3741
3624
3681
9403
3782
6607
4324
3932
4006
5347
3824
7592
6996
4917
9877
3819
9955
3938
9953
6395
7908
4151
4262
6002
4354
4303
4426
4535
4481
4590
4591
4630
4695
4818
4762
4703
4705
4715
4823
4947
4930
6603
5055
5163
5176
7857
4986
4851
7436
4933
4846
8634
5071
5141
5246
5304
5221
5135
5177
5196
5158
5214
5088
4957
4950
9223
5056
5024
4893
4938
4836
4829
7877
4702
4683
4584
4461
7206
9804
9864
4746
9863
9861
4883
5428
5153
5524
7346
5295
5273
5357
5462
7345
8302
7102
9000
5912
5867
5852
5670
5606
5615
7910
6460
9529
5307
5409
5342
5278
7150
5402
5498
5586
5679
7944
5839
5799
5736
5622
9733
5511
5531
5394
5374
5488
5558
5625
9720
5886
9266
6135
6239
7639
6264
7364
6207
6164
6044
7534
6001
5850
5765
5948
5872
5728
5643
5664
5748
5753
5865
5884
9707
6020
6136
6678
6344
6464
6593
6438
6574
6478
6361
6506
6403
6549
6467
6372
6245
6106
6099
6203
6342
6281
6226
6137
9665
6008
5917
5997
6059
5871
5832
5784
5650
5678
5735
5639
5592
6839
5510
5422
7060
5316
5231
5310
5387
5441
5356
5289
5523
5073
4972
4878
5004
4910
4776
4789
4652
4531
4539
4649
4679
4660
9682
4545
4413
4321
6570
4212
4132
8353
4434
4443
4526
4423
4440
4445
4533
4646
4691
4834
4963
5062
5143
5232
5162
5067
4927
4781
4813
4694
4605
8566
9373
4476
4597
4610
4493
6836
4391
4297
4402
4384
4272
4248
4198
4079
4134
4165
6532
4103
4041
4043
3978
3891
4600
8254
7468
6367
3887
3772
3709
3634
3667
3777
3823
3904
3952
4085
4146
4035
3968
8448
3732
9394
3622
9048
3630
3514
8309
3443
5937
3491
3574
3626
6124
7484
3779
3829
3900
3790
3749
3791
3861
3898
4003
3948
4049
7438
4243
4349
5552
4518
4416
4301
4208
5877
4078
4192
4305
4259
4228
4263
4142
4168
9428
4381
4368
8504
4486
4415
4498
4596
9623
4582
5727
4430
4355
4346
4219
4241
4336
6592
4124
4016
3944
3893
5336
4186
3778
3769
3831
3939
7166
3941
3996
4050
4161
4120
4178
4327
4252
4149
5629
7520
4029
7451
6189
4209
4184
4323
7273
4473
4564
6489
4675
4668
4783
4808
4782
4870
4976
4881
4902
4801
4812
4928
5041
5013
5091
5049
5178
5634
5129
5851
5212
5139
5034
4937
4827
4692
4826
4771
4848
4759
4860
4924
4998
4899
5022
4941
5045
5149
8420
5103
5051
5009
5383
5138
4740
5715
4529
4576
4442
4394
4876
4633
4593
4677
4544
4669
4573
4578
5245
4471
4365
6236
4286
4422
6784
7287
4274
4325
5941
4410
4337
6437
4217
4218
4053
7004
4058
4113
4101
4095
4104
8747
4048
4136
4201
4213
4326
4345
4312
6317
6069
4432
4428
4532
4565
8234
5160
4680
4760
9764
4752
4638
4528
9664
4310
6442
4195
4176
4077
4040
3977
3920
8934
3787
3828
3762
3702
3580
3594
3679
7380
3759
3768
3873
3982
3981
3970
3991
3930
3809
3753
3856
6579
3796
6516
3615
3656
3559
3502
3456
3458
7050
3631
3712
3742
3868
3867
3785
3684
3637
7747
3644
3547
6057
3469
3532
3441
6990
4708
9111
3274
3364
3356
6215
3345
3130
3155
3243
3186
4672
3052
3051
2968
9702
9424
6993
9430
9763
5561
3085
3165
3215
3196
9261
9471
2994
2951
2873
3643
2843
2741
2728
2636
3812
2550
2622
7555
3545
2423
2512
2479
5338
5102
2696
2733
3872
5058
2991
3082
3065
3032
2963
2872
2824
4794
2926
2929
9460
3103
3189
8892
3230
3577
3214
3291
4068
3295
3273
7683
3314
3340
4643
3367
4231
3252
3209
3108
3020
5031
3178
3257
3326
9337
3451
3542
4199
3450
3515
3578
3653
3581
8419
3444
9852
3358
6061
4453
3446
3384
3440
3370
9643
8185
6552
3104
3009
3040
2948
2877
2798
2727
2692
2609
2587
2552
6188
2507
3935
3897
6029
2245
2338
4291
2205
4636
2077
3866
1987
2435
1830
1745
9238
1878
9118
7892
7553
2240
2169
2148
2063
2007
1995
1910
9269
1838
1792
1817
3710
1888
1810
1749
4479
1808
1988
1771
8057
3525
1663
3934
1534
1461
7164
1525
1448
1437
2885
1432
3039
1510
1572
4948
4608
3046
5296
1593
8539
1500
1415
1409
1466
1531
1551
2875
6402
1577
1670
8638
1729
6169
1712
1662
1676
1764
6962
5328
5083
1841
9274
1951
1890
1948
1970
1986
5786
2050
8726
3789
2128
2131
2166
2075
2154
2215
9161
2224
2392
2299
2368
2393
2319
9348
2229
9834
2121
8138
2033
8271
8378
6602
2908
2097
9159
2270
2347
2376
2318
2329
5126
2478
2555
9450
5604
2597
2669
2638
2670
2757
2684
4390
2752
2826
2755
2668
2667
4014
2566
2569
6311
2500
2481
2475
2461
2381
2459
2535
2592
2525
5200
2375
4047
2197
5385
2058
5439
4527
2081
2157
2123
8330
2047
2003
4395
2002
1977
5559
1912
1831
1755
6251
1877
1914
1945
1931
2006
2036
4642
2082
2125
2171
2218
2251
2296
8837
2364
2265
2225
2164
2322
2273
2216
4666
9943
7733
4756
5962
1906
5868
1868
1829
1971
1713
1859
2803
1658
8723
1580
1485
1506
1499
1439
8484
1369
2232
8913
1200
1174
1158
1228
1258
1334
3124
2450
1515
1606
1681
1638
7477
1788
7792
3966
9125
9558
1718
1804
3700
1677
1740
2950
1917
9501
8055
1898
1998
2048
3281
8380
2034
1964
1885
6474
1836
7490
1689
1602
1529
1592
1669
1627
1564
4157
1474
9657
3623
1445
9177
1321
5184
1210
1140
7316
5136
1193
3371
8163
1407
1822
1296
9393
1211
1133
1093
1639
4693
7221
966
893
3640
9973
1457
9420
8488
704
7741
643
690
656
613
2537
7378
719
784
845
916
982
1068
1034
953
908
821
802
877
8805
842
9818
725
681
3692
715
709
649
1544
9058
532
4073
846
2770
3810
5395
4744
646
2448
522
470
2766
398
6861
5807
333
322
321
7525
7138
413
478
412
411
2753
3316
279
243
248
251
266
1498
7224
3183
193
219
5579
238
272
5030
410
6024
467
3520
519
476
1169
536
583
4230
615
567
2747
554
596
559
500
576
1902
512
461
2750
400
377
7591
1685
1038
6595
402
383
299
510
353
308
3682
2307
8192
5224
7869
100
140
1911
2351
115
108
5421
165
202
4729
85
74
83
97
149
155
130
192
4206
200
237
290
3013
403
466
444
2714
363
1042
254
300
375
6257
2204
232
222
169
2320
209
1767
4072
8377
1642
220
275
317
344
342
399
417
379
1187
9817
2420
9985
2743
503
482
415
9254
421
477
534
486
8245
511
5614
589
616
1113
751
805
7032
920
9228
817
758
674
598
3048
658
666
7891
6253
673
8986
1033
743
812
3600
887
792
5690
736
791
870
963
1323
1049
945
8091
978
1073
1080
1125
1195
1148
1238
2544
2287
1421
5718
1413
1423
6712
2337
4343
4777
1588
1605
1519
1484
1435
1420
2976
1266
7579
1204
1118
5914
1050
986
1710
912
7494
1086
3671
1189
6786
1349
1351
1422
1479
7369
3357
1584
1621
5812
1645
1717
1787
9876
5499
6343
1934
1860
9357
1848
1901
1924
2009
1992
7118
7410
2042
2112
2080
2133
2180
4809
2312
2372
2374
6668
2436
4446
2244
2264
2289
2279
3420
2163
3947
9466
6340
2004
1991
1904
1908
5392
1937
1881
1814
1806
1854
1954
1873
6791
1793
1738
1724
1654
1657
1752
1794
1750
3283
1678
5777
1600
1586
1552
1486
1495
7651
1394
1362
1295
1360
1347
1330
4335
4223
7674
1103
4607
6355
878
923
995
1006
974
919
895
880
965
1056
2181
2114
7791
1130
1231
1265
6296
1194
1159
1219
1566
1190
6761
1119
1052
7068
1926
950
2278
4934
871
785
718
737
3333
818
889
868
946
961
872
834
781
714
9800
636
671
680
691
591
562
607
7611
491
453
416
471
5921
479
422
374
358
394
6446
2239
8286
489
9981
571
8458
570
6829
1528
433
2607
539
586
610
669
1680
761
728
797
7915
730
1481
650
659
605
546
530
9525
5957
619
692
754
2647
5998
748
813
5497
665
1355
623
1671
553
3321
3780
517
3552
5207
407
5683
346
354
9506
8031
473
1517
2460
7242
369
364
1166
294
230
7625
1392
9026
324
292
5327
8148
6161
178
122
2964
95
655
183
7753
9046
6716
121
9033
3
1000
7780
1434
11
4918
6
24
18
6338
9184
9
60
1199
8415
46
644
30
8487
26
25
1690
3066
34
3017
2656
81
932
6883
5132
438
252
3308
1127
159
94
141
9902
6566
48
50
4512
5754
152
2309
79
40
4466
7425
14
2641
65
19
75
984
7646
104
88
138
648
168
139
4374
8971
261
7181
332
285
227
5737
189
136
376
3079
5636
2576
10
16
7
5
20
35
52
101
8704
8110
4897
135
67
4023
69
76
4051
3501
8672
226
297
340
1907
4427
6413
3604
468
498
3169
5591
7808
682
504
4572
7430
390
6316
9365
7664
1844
228
201
147
126
51
7588
55
61
53
38
1252
119
47
31
56
93
73
137
3090
128
87
8123
58
124
111
4741
41
2682
158
8525
4392
13
91
157
4888
42
4681
6970
3141
33
27
92
90
6018
3042
298
325
5247
210
257
203
214
265
278
8326
339
408
1142
430
1028
2141
371
6650
6182
6301
5140
5842
198
4449
162
957
223
284
260
341
304
380
427
1315
3906
2532
756
528
533
3915
6879
1019
670
8854
1849
6019
6856
699
5724
790
881
1058
5705
749
1016
6858
4615
9535
6290
647
947
4128
594
579
521
550
2408
602
642
684
1922
618
638
703
7997
3527
657
708
746
661
1819
3738
525
465
6409
2071
9572
523
590
566
547
529
499
6500
425
9681
2032
373
456
1918
462
6332
3562
8557
355
8510
295
311
362
314
287
6870
216
9179
4366
768
176
184
1737
8096
127
134
89
106
171
160
4975
185
179
225
258
276
338
348
446
4265
199
271
242
306
356
764
481
7536
588
2651
3683
1021
2345
839
6763
2449
844
9392
1785
782
865
933
894
823
828
780
766
9677
855
926
948
8226
929
964
5726
1077
1151
1237
1179
1101
1020
983
8270
862
6610
729
9795
811
900
883
820
901
954
990
4665
5165
1682
1230
1328
1278
1326
3162
5699
5430
1178
1110
1054
1120
1222
1310
1306
5573
3382
4338
1022
3045
1017
1023
2094
1099
1181
1269
1241
1171
1144
1088
7030
6702
924
3413
937
1002
1090
1032
969
1047
1111
7214
3111
1254
2445
9334
6219
9187
1271
5631
1197
1248
1212
1162
4093
5260
9950
5585
1208
1213
1114
5742
1044
1983
1083
8042
997
1053
8398
8591
1109
3760
1057
9855
1041
973
903
9210
980
6345
8807
936
1955
972
904
9619
985
898
4314
840
7540
867
851
827
801
745
710
631
1652
7812
776
711
2947
9888
3350
654
597
595
541
1182
452
2356
513
420
8922
1501
323
8944
391
4905
418
6197
542
540
5584
918
7562
551
5133
492
436
368
7298
8967
4903
1707
145
778
741
3832
1203
241
4831
302
349
406
4244
6694
3881
431
2781
8702
545
1520
454
508
5085
7440
693
1744
854
7549
5642
934
943
847
5587
837
1342
873
970
1048
1027
3401
1665
1221
1117
1135
1070
1419
951
5557
6387
1161
1236
7563
1375
2548
1467
3870
1462
1383
1297
4758
1533
1389
8982
1715
1285
5904
1399
1471
1546
2913
1622
2812
1565
1559
1636
1659
1743
1774
1722
7159
4961
1782
1801
1820
6893
1870
1961
1975
1997
6787
2000
2055
8928
5061
9569
2152
2167
2061
2049
2020
1930
1919
2008
1958
1862
7129
3134
1880
5663
2405
2078
1982
1894
9003
1812
1761
1721
1756
5722
3192
1617
1554
1570
1477
1387
1317
1294
3837
1160
3000
3137
4761
8969
858
772
7768
3394
7065
7086
5659
9388
2573
723
3586
640
697
757
2016
807
5217
861
727
796
3136
4492
9672
1062
1066
1007
1100
1207
1156
1136
1251
1225
1235
3483
1378
1350
2134
1438
4787
1341
1256
2011
9532
1318
1403
2325
5984
1573
1608
1537
1503
1440
1468
1488
1406
1311
1339
4791
1502
6481
1571
1631
1650
1730
3309
1656
1757
1799
1813
1840
1823
1846
1766
1727
1672
1643
3830
1514
1590
1649
1736
1825
7794
9012
1786
1711
1772
1791
6677
1664
2972
1613
1521
4557
1441
1473
4996
1411
6916
1507
1483
1386
1418
7104
6874
1250
7922
1091
1163
1198
2996
1260
1325
2961
1293
2045
1356
1400
1377
7802
8120
1446
1404
1412
7208
1472
1542
1589
1491
1424
1996
8408
1494
1550
1505
1597
1637
9648
1604
2005
8184
1694
1706
1783
1807
1833
5879
1760
1731
6199
1667
1575
3511
1511
1610
1629
1553
1612
1526
5227
8839
1655
1582
7407
1609
1641
1735
1746
6056
6414
1891
1871
1861
4785
1935
1963
1921
1947
1936
4732
7075
2030
2029
2099
2193
2248
2342
4121
6259
2538
4494
2443
2340
3442
2354
2277
2256
2175
2108
2062
2105
2035
2038
2025
1953
1966
5708
7442
2311
1843
8789
7977
1692
1698
2466
1696
1779
4921
1941
3633
6619
2754
7312
2023
2079
2060
2103
8628
2182
2199
9726
2149
8867
2222
6803
2268
2357
2454
2518
8121
6928
2688
5350
7126
2524
2495
9958
5858
6576
2281
2389
2447
2378
2331
2303
4623
5638
6536
2231
2195
2142
6115
2027
2090
2119
2088
1989
1999
1913
1932
1864
1974
3961
2087
2012
6148
2214
2258
2502
2130
2089
2168
2230
2305
2382
2396
2428
2488
2521
4629
4932
2599
2575
2499
2572
2465
2543
2424
6054
2314
2414
2412
2341
5052
6983
2832
2091
4773
2085
2014
2489
1892
1776
3855
4909
2015
6077
1933
3770
1929
1850
3146
7398
1835
9024
2179
1687
7652
1704
1699
7957
4698
1557
4844
1539
5449
4658
1599
9927
6422
1697
2527
1601
1714
3840
1762
9632
6816
1900
1946
1903
1978
8793
2101
8004
2124
7183
1994
2933
1865
5672
9076
7803
1777
1751
5703
4227
5379
1915
4504
1942
6104
2026
2067
1979
2247
1920
1876
1828
1732
1790
1781
1847
1925
1980
2017
2074
2068
1993
4772
2086
2100
2052
2111
2203
2263
2194
5403
4067
9194
9561
3311
8596
2072
2039
2096
2160
2188
2272
2336
2437
8158
2715
3093
2621
2539
2498
2477
2511
2614
5628
2601
2721
2695
5830
2731
2653
2562
2586
2699
2734
7706
7355
2718
2737
2648
2604
2504
2413
2324
2243
2284
2387
8076
7246
2362
2409
2323
2262
2403
2206
2126
2092
2173
2235
9251
3216
2390
2430
2472
2501
2394
5755
2275
9167
2242
2198
8831
2056
2018
1950
1887
1879
1803
1824
5263
1701
1630
1563
7571
1598
1683
1640
3999
2292
1545
6977
1513
2834
1463
1726
1464
5544
7188
1476
2745
2485
1304
1287
1322
8308
4711
2930
1165
9654
5215
4577
1139
1276
9851
9436
2237
1075
1132
6401
1857
9717
1001
1583
993
9837
4790
925
922
838
809
841
767
6633
939
617
604
672
4033
753
759
8108
627
632
635
716
2924
2652
6238
897
938
7709
8316
9323
1896
1561
1216
1218
1291
1373
5179
1280
1309
1390
1368
1451
1875
5822
1388
1363
1427
1455
4215
1454
5492
2725
1433
1393
5187
1335
1270
1816
1331
1274
1206
5124
1076
1045
1013
1084
1098
1176
3884
1357
1376
1644
8382
5991
1157
1233
1164
6759
1268
7973
1300
1313
1273
1226
1196
4351
1302
1695
1366
1352
1428
1416
1475
1444
1382
1361
1346
1337
1262
1465
1372
1401
1456
1496
7264
1458
7889
4293
9042
1541
1596
1518
6850
1469
1402
1397
1478
1508
1591
1633
5228
1747
1674
1623
6752
2700
2565
1811
1815
1893
1886
1973
1967
2046
2989
2174
2159
2136
2109
2120
2184
2330
2294
2201
2104
2044
7322
2054
2028
2093
3826
8480
1940
1869
5710
4028
1959
2280
2031
2013
3596
2143
9470
2150
8900
2706
1969
1905
1821
3454
1684
6323
1733
1832
1867
1939
2671
2147
1796
1688
6550
1778
1800
2483
1834
1753
1661
1693
1723
1679
3026
1585
5057
1530
1574
1558
1493
1490
2352
1417
1482
1516
4302
2360
1728
6563
1619
1562
5107
1555
1489
7737
1426
1442
1370
9144
3550
9199
1512
1535
1569
1480
1410
1453
1379
6483
4112
1522
8253
1398
4855
1336
1371
1324
4931
7966
6534
1430
1497
1560
1581
1686
1620
1614
1532
3923
1470
7705
1492
6772
1449
1436
6999
1381
1405
3160
1345
1329
1314
1239
1186
9416
1227
1259
9362
1298
8820
5733
1126
4866
8425
1214
1217
8517
1071
1082
1805
8827
981
910
853
775
4784
4663
3185
996
998
9875
930
7329
826
856
8217
779
5066
701
8230
6327
769
742
689
783
5820
712
734
1646
2316
722
676
5776
2986
633
9484
4566
8938
526
490
441
409
4723
288
233
239
804
3436
173
1201
133
4587
3029
4843
3620
107
9414
191
5397
2844
150
8758
84
405
195
2057
182
142
110
9992
188
1452
281
312
4731
401
1307
475
469
493
561
5843
606
558
1725
581
1651
8776
9080
1429
345
9750
307
6987
283
334
286
249
2053
2196
343
296
1234
378
428
396
337
350
1872
9492
404
1003
424
2522
429
502
4537
3434
458
472
509
524
685
565
7421
483
448
488
2401
5226
599
641
601
675
3325
6366
4107
637
5251
660
639
1247
755
8265
750
733
747
814
789
835
6138
8172
721
7391
706
4726
2856
857
850
3260
890
9339
7300
1634
2162
7600
1040
989
1081
1134
3049
1675
1290
1343
1283
1229
7742
1097
1055
1092
7900
2657
1279
1319
1289
1263
1223
1242
1154
1152
1131
9773
3202
1031
8129
7849
909
976
1043
991
7021
4342
994
1060
7538
9776
1067
3097
1108
5621
1172
1615
1232
3490
4951
1102
1149
1096
1035
971
960
7507
8950
891
822
9309
863
902
949
1009
3489
1095
1107
1030
988
927
6458
888
958
1008
952
886
815
810
3342
806
3158
7324
962
944
1011
1923
1618
1184
1209
1180
8906
6288
2967
1374
1303
1257
7504
1138
9897
7448
1175
1143
5761
1170
1074
1129
9147
1275
1299
1245
1168
1121
9101
8605
6501
915
892
808
794
738
668
687
773
836
913
977
1012
4874
4837
1036
1069
9714
1128
1064
9554
4328
940
1272
793
5305
724
7658
866
911
967
987
2190
907
860
771
7368
732
694
664
1603
1734
609
538
8679
544
8815
4090
3207
352
361
9916
426
8879
8963
3323
520
397
7787
819
514
455
447
7371
7435
560
494
487
5837
549
612
1087
626
700
763
849
864
6376
720
6261
614
8804
600
2704
548
555
557
3060
568
7948
4251
6691
543
495
6476
6358
496
497
484
460
432
8538
313
291
5697
726
414
1523
264
6279
205
9474
148
144
208
2457
3719
9972
2110
2187
250
196
9083
153
1556
204
1883
316
3053
387
6584
9141
282
4833
320
2153
1889
231
762
8778
247
2759
6554
161
177
774
5741
102
98
2806
17
4
6729
4444
32
3072
63
7169
6319
170
212
735
516
12
72
6134
43
86
5388
22
64
896
54
39
1353
6882
28
9550
68
129
187
611
109
2526
6228
2286
2850
744
59
45
2534
44
37
2949
8079
9698
8636
270
1780
6180
301
347
3629
8088
386
357
4382
5457
419
1765
592
1348
366
360
318
293
280
5378
4718
7940
180
117
113
7570
1648
131
7666
5901
262
303
336
1215
385
442
1719
7678
1579
573
622
5269
634
575
531
580
578
6701
501
435
480
463
9874
439
449
2975
9509
1282
620
574
505
1928
8570
7583
4882
389
372
351
310
244
217
6618
1826
2579
7912
151
5433
21
7019
105
4670
190
125
49
6625
9990
9989
6175
1344
146
163
8713
1155
267
795
255
235
3567
5571
319
8717
4991
4989
786
2847
975
9873
9871
702
1916
695
3166
1909
698
9684
593
552
3933
1660
507
537
563
629
8562
705
679
608
582
651
6548
787
3110
831
874
917
992
6638
2639
955
6045
5006
931
5572
8175
2506
1105
1147
3751
1224
3618
6339
1146
1104
1072
1046
2907
928
859
852
5840
760
777
6292
9040
1851
1414
7560
1085
1243
4940
1795
6629
4362
1284
1267
1332
1395
6769
1396
5470
2503
8208
4467
1459
6127
6912
6911
2400
3610
5315
3022
3937
3714
3212
1536
1587
1568
6384
1635
1702
1773
1839
1927
4154
2070
2076
2001
1965
1895
4147
2764
3716
4211
3396
2619
2151
9893
9892
2228
2241
2349
2404
8774
3019
2482
5075
2476
2549
8358
2510
2567
2605
5582
2681
2585
2508
4943
9941
2490
6974
2440
2328
4094
3833
8021
9275
3834
5848
3707
2756
2693
2617
2678
2763
5695
2852
2954
2927
3016
3584
4106
4105
5114
3885
4407
9135
4022
4021
4862
6931
4271
5665
8255
9798
9799
9946
9948
9959
9970
5980
4333
4273
4387
4344
4233
4240
4352
4347
4289
8007
5610
9290
4558
4483
4409
4506
4421
4511
4616
4530
4438
4488
4553
4606
9574
4736
7318
9968
9924
4821
4842
4768
4886
4810
9346
4613
4599
4673
4728
4799
4807
4891
4982
4900
5028
9528
5274
5267
5319
5053
5281
5952
4954
6736
5095
5189
5291
5360
5373
5459
5454
5329
5255
5122
8840
4964
4960
9660
5806
5048
5180
8846
9952
5285
5312
5364
5502
5600
5568
5706
5681
5795
9796
5750
5651
5554
5424
5396
9949
9600
7569
9013
5674
5796
7710
6580
9823
6067
5923
9285
6012
6139
6223
6276
6202
9825
9824
8387
6333
6469
6622
9967
9966
6790
9920
6848
6948
9915
8493
7070
7089
7064
6959
7044
7124
7230
7156
7177
7274
7297
7185
7663
7676
7303
7677
8920
9267
7673
7543
7415
7502
7632
7739
7773
7861
7993
8547
7767
7656
7593
7458
7394
7331
7334
7202
7263
7148
9811
7134
7213
8750
7336
7225
7229
7358
7465
7551
7467
7444
7377
7450
7533
7589
7501
7616
7823
7620
7702
8133
7815
7882
7991
8073
8070
7929
7914
7810
7735
7693
7798
7845
7918
8024
8048
7972
9777
8194
8155
8109
8037
9673
7981
8687
7854
7937
7801
7682
7597
7529
7475
7348
7417
7339
7290
7165
7220
7271
7294
7383
7402
7412
7542
7554
7604
7645
7532
7598
7605
7637
7559
7508
7388
9969
7174
7223
7323
7446
7541
7422
7286
7309
7447
7547
7574
7463
7357
7239
7249
7360
7304
8178
7568
7552
7454
7354
7261
7196
7103
7926
6936
6895
6921
7031
9579
7059
7144
9646
7195
7160
7084
7020
6905
6982
7035
7120
7045
7057
6968
6900
6953
6913
6855
6788
6710
6782
6636
6542
9087
6644
6720
9245
6842
6846
6813
6715
6569
6525
6577
6479
6386
6408
6439
6539
6431
6330
6295
6997
7923
6573
6078
6049
5938
5953
6046
5975
5844
9748
5854
5986
6111
6212
8168
6246
6143
6114
6006
5895
5788
5811
7189
9341
5821
5944
5885
6013
6081
6170
6146
6298
6304
6200
6326
6380
6444
6537
6373
6934
6399
6320
6204
6033
5924
5919
6071
9965
6196
6231
6156
6073
6082
7210
5888
5775
5691
5700
5817
5971
5927
5804
5758
7234
5762
5668
9468
5547
5578
5541
5551
5653
5617
5630
5540
5711
5814
5685
5548
5504
5436
5495
5529
8930
5749
5655
5613
5662
8677
6005
5849
5955
5909
6050
8257
6174
6198
6312
8375
6300
6217
6125
9925
5992
6007
6098
5994
5945
5863
5781
5693
5566
5438
7284
5485
6582
5756
5846
5908
5798
5926
5898
5836
5929
5958
5918
5831
5791
6859
6249
5680
6910
5667
5539
5426
6493
9330
5543
5417
5354
5275
7184
5230
5116
5090
5003
4962
5079
5128
5235
5299
6016
5468
5536
5671
5702
5720
5772
5696
5845
5588
5469
5542
5442
5371
5302
5259
5239
5353
5345
5472
5473
5564
5619
5513
5553
9020
6065
5893
6036
6206
6208
8914
6313
6214
6179
6258
7054
6211
6120
9594
6088
5963
5827
5890
5978
6072
6062
5999
6035
6026
6119
6150
6163
6153
6185
6328
6341
8736
6452
6613
6745
6719
6711
6597
6624
6632
9703
6406
6466
6417
6551
6557
6614
6758
6735
6853
6864
6827
6884
6838
6744
6733
6600
6666
6309
6391
6477
6612
6721
6841
6878
6973
7387
6924
6851
6722
6671
6555
6451
6705
6544
8345
6266
6248
6318
8013
6227
6271
6356
6514
6623
6742
6764
6811
6888
6872
6776
6800
6737
6594
6538
8154
6634
6508
6370
6436
6448
6572
6690
6685
6780
6825
6866
6972
8116
6886
8061
7001
7082
7105
7100
7069
7047
7130
7205
7140
7170
7258
7299
7401
7381
7469
7513
7441
7397
7505
7556
7636
8071
7668
7599
9555
9581
7723
7774
7726
7853
7968
7868
7796
7769
7691
7578
7478
7366
7272
7292
7313
7277
7215
7186
7155
9084
7305
7389
7431
7561
7681
9895
7584
7485
7392
7270
7288
7211
7119
8732
6922
7024
7101
7180
7079
7066
6998
6942
7037
7092
9279
7243
7295
7219
7147
7085
6994
6873
6767
6631
6524
6357
6225
6324
6475
6639
6693
6820
6964
7063
7074
7149
7179
7296
7278
7190
7253
7330
7419
9710
7428
9613
7400
7321
7240
7163
7128
7191
7244
7341
7409
7503
8186
7476
7573
7643
7689
7778
7743
7837
7879
7987
8047
7953
7935
8983
9808
8236
8157
8069
8102
8232
8354
8281
8416
8349
8291
8414
8476
8597
8533
8662
8610
8673
8540
8663
8727
8829
8952
8910
9023
9017
9022
9113
9119
9098
8949
9054
9201
9233
9325
9401
9406
9292
9183
9185
9301
9280
9378
9407
9519
9539
9429
9547
9531
9409
9329
9344
9391
9457
9551
9534
9642
9652
9752
9782
9659
9634
9741
9754
9639
9617
9622
9527
9620
9716
9700
9704
9688
9616
9541
9663
9653
9566
9510
9458
9543
9433
9356
9291
9284
9404
9499
9382
9488
9585
9587
9518
9443
9354
9250
9219
9130
9145
9152
9260
9363
9361
9221
9108
9071
9227
9327
9625
9583
9676
9553
9432
9315
9164
9069
8980
8894
8803
8907
8937
8962
8992
9106
9230
9165
9032
8948
8798
8861
8710
8730
8836
9139
8734
8665
8558
9497
8363
8263
8183
8141
8017
7903
7835
7844
7843
7744
8443
7754
7842
7760
7662
7685
7797
7721
7622
7665
8552
7779
7758
7717
7707
7784
9689
8707
7817
7840
7894
7913
8003
8046
8118
8235
8812
8384
9175
8449
8568
8623
8701
8690
8571
8404
8479
8590
8657
8719
8832
8808
8941
9088
9182
9082
8929
8873
8773
8745
8691
8678
8567
8593
8442
8352
8432
8541
8500
8619
8724
8826
8850
8878
8915
9932
9169
9170
9059
8977
9005
9034
8898
8897
8759
8783
8903
8797
8842
8889
8864
8918
8857
8786
8667
8631
8712
8746
8647
8700
8637
9693
8575
8654
8614
8528
8399
8426
8347
8421
8306
8180
8241
8272
8112
7976
7901
8036
8078
7999
7902
7777
7732
7686
7631
7750
7718
7609
7528
8936
8196
7660
7736
7775
7695
7805
7841
7863
8068
8090
8107
8204
8288
9374
8314
8227
8216
8333
8331
8247
8367
8438
8431
8548
8544
8542
8532
8459
8429
8319
9031
8222
8220
8124
8146
8195
8084
7965
8043
7986
8016
8103
8179
8143
8212
8329
8446
8374
8274
8337
8461
8485
8589
8681
8775
8792
8661
8600
8549
8599
8482
8371
8262
8283
8361
8450
8545
8569
8651
8777
8685
8814
8899
9010
8974
9110
9216
9136
9052
8924
8884
8946
9018
9105
9166
9302
9390
9473
9595
9521
9415
9455
9560
9615
9557
9395
9338
9218
9308
9347
9206
9089
9039
8945
8912
8823
8697
8696
8607
8592
8475
8393
8462
8534
8602
8554
8444
8406
8334
8259
8295
8368
8754
8173
8149
8128
8113
9116
9408
8137
8038
8001
8278
7800
9265
8318
8763
8357
9797
8203
8321
9794
9332
9331
8560
8639
8695
8751
8822
8664
8740
8819
8856
8927
9028
9154
9073
9126
9142
9078
9019
8960
8871
8796
8728
8933
9842
9841
8868
8939
9014
9803
9843
9192
9258
9270
9355
9844
9991
9650
9994
9997
9996
9786
9789
9666
9540
9647
9493
9418
9389
9485
9605
9769
9982
9850
9701
9715
9853
9821
9667
9729
9820
9791
9669
9602
9512
9381
9318
9242
9172
9200
9278
9359
9461
9562
9564
9591
9740
9696
9692
9747
9612
9505
9651
9757
9905
9907
9900
9862
9894
9926
9770
9618
9576
9453
9503
9370
9459
9421
9397
9310
9190
9043
9281
9320
9198
9128
8995
9096
8972
9722
9030
8978
9095
9168
9091
9224
9304
9222
9364
9483
9609
9549
9711
9766
9732
9929
9930
9914
9910
9749
9593
9596
9589
9448
9452
9440
9427
9375
9195
9178
9288
9138
9287
9312
9311
9977
9343
9444
9580
9568
9481
9386
9240
9123
9268
9237
9610
9025
8988
8902
8806
8733
8642
8579
8503
8376
8290
9070
8072
8062
8132
8199
8266
8332
8261
8198
8082
8014
7930
7864
7949
7945
7941
7942
9675
8064
8182
8284
8389
8483
8553
8653
8772
8761
8888
8984
8870
8985
9065
9196
9114
9049
9100
9209
9212
9277
9358
9345
9469
9584
9697
9699
9611
9486
9491
9423
9342
9383
9517
9592
9695
9746
9753
9760
9975
9971
9957
9896
9761
9978
9980
9779
9614
9490
9577
9706
9809
9656
9708
9857
9860
9859
9805
9810
9812
9719
9670
9736
9879
9772
9881
9738
9880
9829
9904
9909
9934
9727
9718
9724
9933
9865
9901
9903
9988
9986
9899
9734
9913
9917
9919
9918
9751
9759
9898
9944
9945
9819
9765
9658
9780
9755
9633
9538
9590
9674
9597
9524
9464
9413
9353
9306
9366
9368
9293
9124
9153
9193
9282
9322
9454
9417
9447
9546
9563
9599
9644
9500
9489
9542
9662
9638
9775
9762
9705
9679
9735
9816
9807
9885
9931
9983
9784
9984
9787
9956
9802
9912
9911
9856
9788
9631
9487
9398
9300
9336
9419
9476
9571
9582
9494
9467
9545
9671
9768
9626
9743
9686
9694
9604
9465
9371
9316
9208
9197
9093
9090
9160
9225
9186
9328
9446
9377
9244
9253
9372
9286
9158
9092
9121
9120
8997
9057
8916
8994
8973
8953
9094
9217
9202
9204
9097
9063
8942
8858
9498
8851
9422
8976
9103
9236
9156
9586
8957
8835
8838
8788
8698
8708
8739
8643
8601
8515
8626
8722
8731
8818
8844
8833
8821
8779
8877
8970
8947
8908
9045
9074
9072
8923
8872
8968
8860
8753
8694
8817
8979
8905
9006
8895
8781
8766
8649
8527
8516
8635
8756
8886
9007
9011
9127
9112
9226
9313
9140
9276
9384
9426
9508
9629
9742
9778
9867
9869
9826
9690
9565
9435
9295
9262
9115
9132
9176
9333
9439
9526
9628
9767
9832
9833
9887
9939
9942
9847
9846
9822
9889
9890
9840
9678
9680
9683
9728
9713
9598
9731
9691
9567
9472
9552
9410
9479
9575
9556
9405
9379
9548
9836
9839
9806
9578
9813
9050
8926
8904
8881
9815
9883
8680
8716
8784
8853
8866
9021
9016
9134
9079
9211
9294
9246
9117
9213
9369
9351
9271
9438
9067
9077
9035
9009
8882
8757
8755
8893
8931
8825
8699
8810
8940
9002
8876
8765
8669
8556
9015
8512
8633
8630
8524
8427
8424
8307
8317
8409
8451
8497
8849
8725
8711
8686
8652
8582
8565
9884
9146
9148
8417
8342
8315
8436
8490
8555
8581
8439
8441
8327
8310
8802
8322
8231
8117
8240
8215
8119
8019
8033
7898
7899
7789
7701
7675
7614
7586
7716
7757
7870
7776
7890
8000
7984
7919
7783
7690
7772
7896
7875
8020
7998
8729
9263
8171
8210
8134
8139
9162
8609
8258
8174
8211
9234
9235
8077
8035
7938
9848
9849
7813
9793
9055
7703
7638
7544
7404
7418
7499
7587
9921
7483
8359
9923
8032
9830
7252
7200
7283
7154
7081
7199
7319
7456
7500
7395
7285
7176
7087
7314
6868
6751
6718
6560
6411
6553
6615
6651
6488
6494
6661
6801
6898
6952
6802
6724
6899
9259
7067
7090
7141
9831
7581
8277
7254
9827
9828
7761
6335
6201
6443
7495
7497
6102
6064
5996
5976
6109
6168
9231
6314
6449
6416
6303
6181
9530
6273
6374
6515
6649
6768
6728
8395
6991
6869
6819
6920
7010
7131
7072
7496
8435
7139
7257
7362
7472
7590
7493
7491
7365
7248
7125
7207
7276
7396
7320
7466
7517
7572
7582
8743
7618
7731
7756
7848
7990
8080
8162
8190
8299
8392
8397
8292
8269
8150
8127
8012
8063
7971
7924
7876
7829
7807
9685
7672
7687
7550
7437
7332
8177
7142
7034
6943
6919
6796
6891
6775
6723
6626
6676
8883
6815
6658
8463
6689
6599
7905
6523
6606
6686
6785
6817
9792
6946
6932
7053
7152
7251
7328
7455
7545
7650
7725
7830
7700
7752
7785
7692
7596
7514
7399
7470
7566
7655
9157
7515
7459
7382
8578
7260
7226
9480
7052
7171
7267
7375
9425
7564
9537
7488
7390
7293
7203
7115
7042
7003
7143
9303
6915
6958
6929
6834
6847
6708
6713
6799
6862
6918
6804
9001
6700
6558
6561
6529
6412
6287
6282
9456
6450
6291
6306
6445
6381
6440
6285
6224
6154
6235
6178
6076
6184
6093
8470
5956
5847
8027
5946
6009
6103
6011
6042
5892
5815
5716
5605
6845
5503
5647
6863
5790
5969
5972
5801
5686
5620
8052
5477
5380
5297
5404
5400
5301
5351
5412
5341
5464
5675
5694
5738
5818
5808
5721
5841
5922
6041
6173
6126
9801
6159
6032
5911
6038
5931
5834
5739
5833
5939
6039
6145
6241
6147
6256
6364
6400
6346
6396
6507
6527
6457
9502
7770
6272
6152
8348
5967
5966
6070
6190
7194
6254
7250
6055
5932
5889
5961
5964
6053
9335
6025
5942
6066
6171
6176
6141
6107
6707
6186
6337
6260
8852
6283
6284
6360
6461
6628
6518
6418
6664
6738
8040
6984
7055
7127
7137
7029
6941
6807
6746
6901
7416
6730
6667
6575
8828
6426
6589
6531
6454
6359
6234
6089
6157
6305
6237
6265
6122
6112
5983
5878
5825
5779
5797
5641
5624
8859
5311
5323
7630
5484
5482
5460
5298
5241
5087
5118
5029
4995
4946
5007
5134
5078
5222
5150
5046
5064
5063
5012
4868
4959
4953
4916
5000
9155
5054
4828
4865
4743
4814
9496
4875
7344
5125
8735
5174
5199
5343
9814
5271
5382
5466
5569
5684
8293
5514
5608
5689
5734
5862
5835
5787
9858
8511
6750
6091
6021
5973
7751
5874
5982
5995
5861
6118
5732
5746
5623
8394
5549
5501
5490
5375
6167
5491
5581
5649
5574
5719
5785
6753
5792
5855
5729
5813
5782
7671
5546
5506
5602
8559
5526
6379
5384
5486
5358
9603
5414
5505
5363
5446
5534
5618
7799
5632
5965
5769
9129
5823
5723
5633
5640
5725
5816
5743
5660
5897
5508
5431
5528
5626
8564
9645
5355
5456
5616
6682
5597
5522
5405
6462
8965
5156
9635
5257
5344
5243
5197
5161
5123
5023
4970
7088
5120
5219
5288
5300
5332
7204
5381
5496
5393
5313
5256
5111
5038
7487
4935
9891
5081
5097
5172
9536
5225
6294
5159
5287
5322
5348
5306
5236
5211
5047
4936
4879
4835
4803
4867
4795
4701
4567
4521
4458
4464
4405
4308
6755
4194
4214
4317
4433
4455
6975
4586
4653
4696
4719
8214
4798
4822
4871
4971
5084
5011
5105
5183
5272
5362
5416
5483
5627
9104
9559
7873
5730
8863
5599
5475
5361
6144
5175
5110
4979
4800
4956
4861
5418
4805
4765
8130
4480
5989
8126
4418
4431
4570
4661
4641
4775
4779
4889
4925
5032
4987
6334
5035
6824
5193
5266
5370
8615
5250
5109
8862
5070
5001
4858
4968
5019
4864
4755
4628
4503
4501
4367
4295
4568
7763
4007
4066
3942
5950
3863
4019
4118
4280
4369
4454
4631
4644
4770
4764
4618
4690
4601
4513
4419
4515
4485
9928
7970
4275
4358
4462
4425
4313
4203
9774
4222
4164
4100
8999
9758
3962
4034
3869
3794
3847
3764
5425
3965
4005
4099
4257
7527
4375
8365
4579
8795
4478
4507
4617
4730
4722
4725
4678
4815
4845
4750
4747
4637
4621
4536
4516
4500
4404
6362
4441
4361
7403
4234
4153
5656
7385
3990
3862
3767
3874
3852
3813
3757
3708
3608
7107
8472
3801
8811
6940
7359
3865
3936
3956
7000
4052
4806
9995
9712
6083
4122
4152
8065
4329
4266
4189
4281
7954
4436
4525
7983
4706
4734
4619
4604
6097
4854
4847
4832
4856
4849
4945
6080
4952
5204
5068
5026
5155
5201
5290
5205
5101
4981
4894
4774
4697
4598
4510
4437
4279
4236
4292
4379
4401
4475
4583
4684
6541
4926
7917
5086
5168
5098
5240
5151
5191
5170
5314
5282
5324
7885
5535
9029
5276
5419
7443
8917
5880
8959
5764
5645
5712
5876
5780
7985
6954
5887
5487
5562
6598
5860
8721
5461
5447
5520
5644
5676
5810
9908
5856
5925
5988
6047
6162
6052
6058
5934
5907
8009
6096
7833
7565
5913
5987
6110
6275
6252
6397
6559
6533
6383
6390
6601
6703
6835
6956
7077
7178
7121
7123
7051
6960
7015
6906
6840
6762
6672
6726
6876
6947
7056
7161
7228
7235
7282
7255
7233
7217
7158
7097
7017
6923
6908
8752
9051
6706
6740
6823
6881
6771
6646
6511
6587
6571
6674
8670
6657
6512
6519
6428
6429
6410
6331
6232
6108
6191
6278
6195
6074
6060
8531
6289
6349
6368
6456
6377
7819
6528
9721
9151
7460
6832
6914
6798
6814
6902
6889
6821
6747
6654
6510
6617
7771
6660
6645
6774
6809
6927
7008
7109
7167
8606
7352
7317
7291
7187
8742
9434
6992
7113
7013
6945
7062
7136
7083
7005
7018
7112
7201
7175
7280
7232
7326
7427
8655
7510
7603
7610
7738
8801
7809
7860
7909
7960
8865
8460
7888
8351
7939
8054
7974
7927
7811
7865
7786
7704
7734
7781
7846
9256
7931
8050
8011
8059
8142
8159
8089
8282
7928
7872
7824
7816
7881
7958
8005
7911
8023
7989
7906
7893
7821
7793
7831
9272
7697
7624
7521
7633
7746
7759
7669
7714
7762
7826
7884
7790
7859
7988
7951
8008
8083
8041
8098
8209
8156
8191
8303
8391
8379
8430
8505
8576
8668
8627
8748
8613
8501
8509
8410
8411
8298
8294
8400
8526
8521
8646
8616
8737
8744
8760
8650
8587
8645
8658
8764
8834
8919
8987
9085
9229
8921
8880
8799
8869
8714
8617
8621
8530
8550
8491
8422
8338
8267
8251
8312
8366
8433
8520
8457
8386
8287
8201
8106
8085
8200
8136
8015
7897
7950
8056
8705
8144
8205
8280
8273
8260
8170
8131
8188
9056
8305
8249
8325
8402
8407
8346
8264
8152
8145
8074
8030
8060
8099
8244
8169
8496
7995
7932
7907
7825
8164
7654
7657
7719
8574
7839
7834
7827
7964
7916
7867
7956
9396
8207
8289
8388
8471
8341
8335
8237
8095
7979
7851
7858
8002
8094
8225
8197
8320
8447
8434
8423
8537
8656
8684
8561
8577
8603
8632
8767
8794
8782
8843
8816
8676
8625
8551
8674
8675
8522
8440
8481
8344
8370
9061
8464
8588
8688
8595
8671
8586
8507
8453
8336
8224
8187
8034
8087
8105
8246
8229
8202
8296
8372
8403
8492
8598
8715
8659
8563
8454
8362
8285
8153
8213
8111
8092
8100
7962
7946
7982
7959
8086
8066
8824
8242
8311
8390
8340
8396
8468
8529
8473
8508
8608
8611
8514
8612
8706
8641
8535
8437
8489
8360
8383
8506
9324
8693
8683
8769
8847
8932
8966
9081
9075
9215
9174
9273
9298
9350
9314
9387
9449
9514
9399
9515
9400
9380
9478
9516
9637
9636
9641
9725
9723
9624
9601
9495
9520
9411
9299
9297
9241
9180
9203
9878
8956
8981
9099
9191
9189
9264
9149
9041
8943
8896
8770
8703
8813
8874
8961
9047
9143
9257
9248
9163
9086
9062
8935
8909
8841
8875
8998
8990
8830
8891
8771
8887
8780
8692
8604
8498
8418
8356
8301
8381
8486
8469
8343
8276
8238
8165
8122
8151
8189
8101
8228
8252
8328
8243
8279
8147
8104
8029
7947
8010
7852
7886
7836
7782
7713
7748
9544
7878
7963
8039
8166
8114
8006
7883
7996
8075
8044
7934
7920
7838
7818
7749
7729
7640
7608
7511
7644
7684
7546
7486
7606
7557
7461
8519
7642
7531
7453
7367
7307
8445
7413
7353
9205
7506
7628
7580
7712
7727
8193
7847
8223
7795
7720
7648
7524
7423
7373
7269
7236
7153
7096
7011
6949
6857
6743
9790
6831
6976
7880
7135
7197
7302
7420
7523
7627
7711
7641
7539
7439
9570
7595
7680
7576
7518
7432
7424
7537
7548
7661
7688
7764
7755
8161
7615
8219
7698
9621
7850
7828
7820
7874
7856
9349
7766
7708
7634
7535
7452
7372
7474
7384
9608
7256
7315
7325
7370
7462
7406
7519
7607
7667
7449
7347
7340
7281
7386
7308
8049
7492
7110
7168
7262
7343
9188
9783
7457
7337
7227
7094
7041
6995
6903
7694
6681
6792
8741
7002
6896
6732
6778
6640
9771
6213
6121
6187
6352
6347
6583
6547
6695
6688
6472
9835
6244
6205
6086
6218
9533
6308
6459
6545
6717
6843
6969
7038
7114
7173
7111
7040
8324
6795
6766
6897
6979
7023
6963
6892
6860
6765
6630
6611
6652
6480
6378
6263
7994
6194
6299
6430
6482
6350
6427
6371
6270
6220
6128
6133
5981
6015
6017
5891
5794
5783
5666
5576
5916
5635
5767
5857
5906
5828
5698
7724
5509
5493
5372
5280
7936
5420
7617
7621
5284
8221
5365
5237
5185
5099
5043
9442
5016
4920
5040
5130
5169
5218
5157
5017
5092
4969
9866
6129
4906
4709
7895
6455
8350
4717
4735
4614
4589
5229
4420
4505
4491
9243
4304
4191
4145
4256
4377
4472
4562
4656
4549
4447
4306
4385
4264
4155
5745
4064
4111
4011
3950
4037
4045
4061
4109
3992
3922
3946
3926
3853
3807
6985
3797
3754
3871
3839
3964
3928
4060
4158
4087
4020
3910
3848
3747
3717
3641
9437
3421
3306
4778
3405
3488
3477
7080
3294
9451
3300
3208
3107
3199
7969
3224
9122
3109
3050
3031
3007
5465
2952
2934
3464
3075
3157
3638
3232
9385
3303
3412
3472
9573
4225
3607
7471
3558
3646
5555
3721
7699
3609
3588
3516
3427
3426
3365
3381
7577
3261
8167
3170
3073
6887
3070
2992
2911
2931
6435
6432
3476
2849
2821
2776
2862
8518
2784
2722
2840
9352
2710
2802
2831
5533
5778
9640
3015
2918
2891
2970
3081
3188
6944
3390
3282
3220
3122
4859
3074
2997
2914
2915
2791
7464
6419
2674
2531
2564
2664
5751
2673
2701
3240
2790
2836
8467
2864
2921
2959
2974
4484
2833
4398
2680
8304
6909
2463
2517
2623
2675
2744
4193
2775
2795
2866
2881
2912
2962
3030
3063
3055
3149
9053
3226
3132
3156
3067
3113
3219
3235
3310
3334
3376
3453
9107
3474
4356
3554
3435
3288
3182
3114
3001
3102
3238
3268
6142
7193
5805
2884
4309
2800
2878
3028
3043
3150
3277
3236
3386
3526
3480
3544
3415
3531
3570
3655
3625
4714
3737
3660
3734
3591
3674
3645
3661
3510
3740
3423
3353
3437
3363
5770
5144
3729
3690
3704
3850
3985
4115
4487
7237
3988
3907
7806
3803
5896
3576
3647
8401
9038
3854
3924
3967
3888
3838
3703
6209
6092
8749
3378
3433
3499
6216
3495
5580
3508
7350
5167
3399
4704
3317
3262
3290
6596
3171
5949
3213
3276
3312
3361
8925
3496
9412
3343
3284
3395
6325
9376
3197
3203
6734
3205
3175
3101
2999
3033
3119
3098
6522
3147
3069
7619
2987
2935
7866
3817
7342
2977
2923
2871
4688
4912
2771
2887
2842
4135
2874
2853
2778
2724
8689
2761
6844
4253
9730
3218
2789
2814
2883
2922
3010
4682
3131
3125
9954
2955
2939
2928
3008
3002
7379
6808
3014
9627
2942
2937
2845
2742
8067
2631
2677
6051
8026
2444
2406
2367
2310
8800
7967
2144
2127
2122
2200
2290
2288
2211
2185
2298
3425
2735
2369
2615
2253
4386
7046
6307
4612
2458
2467
2559
2624
4389
2768
2851
2792
2888
2861
2794
2751
3057
6966
2558
2547
2464
2554
2625
2661
2589
2705
2608
2708
4911
2596
2645
2446
2427
2540
5940
2492
2429
2377
9462
5532
2186
2139
2165
2102
2113
2041
5152
2064
4180
2138
7696
2291
2327
2385
2434
2514
2415
2421
2528
2505
4119
6590
2557
4246
2462
7433
2315
2257
2366
2321
2221
9630
2212
2274
2432
3024
2343
2282
8666
2073
4017
2209
2271
7426
2418
2370
2470
3605
2590
3379
3506
2649
2613
5993
8768
2620
2707
7715
2774
2838
2780
4082
2687
2788
6087
3955
3004
2943
2870
2793
2709
2689
2662
2711
2786
2886
2809
2813
8125
2739
2698
2635
2593
2665
2730
2773
2828
2848
9068
4025
5010
3116
3142
3011
8456
7058
2892
2837
8455
2805
2863
9963
3025
3086
5238
3194
3731
3206
3176
3765
3266
3242
9102
3963
8785
3083
8233
2900
2965
3038
2946
3746
8115
3117
9207
3327
3359
3375
3348
7659
9868
3563
3657
3678
3686
5479
6727
4915
3903
3825
3744
3763
3786
3715
3677
3601
3513
5899
3482
3549
3650
7028
3750
3835
4096
3877
5014
4162
4133
4057
3949
4038
3958
3997
3943
4716
4108
4059
4166
8964
4261
4200
4148
4091
4055
4489
3919
3882
3860
3783
3698
3648
3613
3522
5489
3546
3557
3572
3509
3486
3470
3360
4508
3400
9961
3297
3286
3293
8958
4817
3148
3886
4898
2973
3106
2925
2835
2857
5517
2760
5117
2650
2690
2628
4712
2817
2530
2582
2632
2717
2644
2570
6663
2520
2561
9008
2633
8584
2606
3724
2519
9181
5759
6643
2416
3250
2410
7649
2252
2350
2452
2493
2568
5277
2419
2523
2779
2250
2177
2283
2344
2431
4707
2335
4966
2210
2304
2384
2491
2553
8660
2691
2683
2646
2697
2726
2799
2897
9709
2787
5873
7473
7745
2956
2983
5894
2905
2854
2797
2746
2822
7093
4331
2736
2823
2896
2906
2980
2944
3003
3289
3062
2984
7231
7106
9951
3894
7855
3078
4238
3246
3204
6812
3222
3248
3338
3320
3419
3398
3369
3322
3304
3211
3121
5910
3254
3265
3177
3092
3091
6777
8901
3164
3251
3298
3337
3336
3417
3424
3403
3374
3227
9744
3047
3027
3129
3269
3279
3339
3537
3184
3247
3181
3154
4895
2990
2901
2846
2769
2815
2869
5444
8474
9661
3168
3173
3229
3278
3285
3349
6967
3329
3275
3221
3255
3305
9838
3328
5612
3404
3393
3475
3438
3528
3568
3530
3466
3389
3463
3497
3560
8682
9037
3579
3636
3725
3688
3664
3621
3720
8738
3771
6939
3811
3911
4012
4070
6495
6233
3845
3822
3843
3805
3766
3730
3662
3701
9507
3659
3612
3565
8256
3445
8543
8323
3519
4239
3665
3619
5437
7585
3467
6166
3410
3500
9745
3553
3468
3487
3561
3654
5731
4840
3733
5947
3651
3668
3711
3775
4359
3909
8585
3931
4030
5824
8809
3792
3899
3879
3986
4009
4026
4097
4163
4187
4254
4300
4360
4414
8954
4299
4210
4984
8250
3901
7933
3827
6210
6040
4046
4125
4150
5593
5859
4247
9131
4363
4298
5080
4376
4496
4520
4632
8640
4830
4890
4985
5093
5089
4965
4923
7629
4839
9431
4647
4538
4457
4450
4373
4285
4250
4220
4278
4221
4364
7530
4411
4451
4315
4397
4463
8622
4640
4749
4767
4654
4554
4524
4603
4733
5036
5928
4581
4560
4687
4769
4820
5198
9319
4994
5954
5147
5262
6243
7327
5391
8181
8477
5195
5294
5376
5406
5390
5293
5279
5142
5146
5223
5186
5082
6648
5902
5015
5171
5060
4942
7198
4738
8081
4609
4495
4517
4468
4388
8135
5352
4284
4267
4181
4183
4290
4296
7238
4114
4098
4143
4036
3929
3836
7481
6132
3697
3599
3669
3632
6789
7722
5800
9588
9523
3793
5747
3895
3993
4088
4144
4139
4044
5303
3975
5389
5550
7338
3995
6951
4027
4001
4083
4159
4721
4288
5951
4737
4967
4469
4482
4571
4659
7333
4869
4973
8239
9756
4997
6665
8572
5188
8275
5346
5440
8648
5458
5481
5359
5334
5244
5137
5069
5194
5270
5220
5131
5027
4955
4896
4797
4753
8890
4657
4634
4667
4780
4838
4904
4892
4802
4793
4674
4585
4713
6675
4555
4547
4540
8248
8176
4408
4311
4318
4435
4465
6981
4372
9513
8093
4175
4270
4196
4130
4062
4089
4169
4232
4207
6468
4204
4330
4378
4400
4474
5752
4499
4522
4502
4569
4645
6543
4724
4745
8709
8495
4877
9947
7871
4949
4676
4626
4575
4611
4546
8140
4671
4754
4811
4748
4727
9872
9173
4863
4974
5065
4958
4857
4853
4978
4922
7408
5977
7594
5181
5234
5308
5525
5377
5337
5478
5512
5423
5407
6697
5202
5432
5450
5326
5594
5208
5072
5112
4988
4873
5455
4983
7575
9976
5264
7411
5325
5443
5530
5661
5560
8787
8053
5518
5445
5476
7602
5601
5658
5766
5900
5853
5717
5673
5556
5527
5516
5398
5321
6425
5258
5349
5399
5330
5427
5367
9171
5145
5206
5104
5113
5166
5248
6130
5320
5369
5480
5611
5589
5448
5429
5521
5537
5637
5657
5960
5652
5760
5773
5819
8218
6084
5869
5875
9044
5768
5692
5714
9870
5883
5881
5968
5915
6063
8478
7952
6420
6375
6240
6505
6222
6160
6043
7036
5935
6003
6022
7904
6158
6229
6117
9307
6030
6131
6165
6250
6363
6530
6673
6830
6773
7078
8339
6907
6854
6760
6779
6637
6641
6492
6465
7626
6286
6336
6221
6322
6393
6329
6490
6609
6497
6415
6591
6687
8573
6565
6616
6698
6828
6822
6692
6781
6756
6894
6988
7016
7071
7132
7241
7301
7405
7498
7429
7351
7279
7209
7146
7192
7099
8620
6957
6885
6748
6655
6608
6502
6433
6441
6293
6262
8955
6463
6585
6669
6739
6627
6749
6865
6867
8993
7027
7116
7061
7145
7247
7310
7376
7489
7434
7356
7306
7212
7182
7162
7076
8845
7014
7108
9232
7117
7133
7033
6937
6930
7098
7026
7006
6880
6965
6904
6806
6754
6797
9477
6818
6683
6659
6696
6526
6656
6604
6504
6499
6394
6310
6917
6048
6113
6242
6385
6348
6487
6517
6407
6321
6471
6388
6486
7073
6556
7157
6704
6714
6849
6826
6935
7022
7091
7009
6926
6793
6877
6933
6852
6794
6725
9475
6484
6642
6535
6578
6679
6709
9255
6837
9249
6986
8629
6805
6770
6699
6620
6521
6424
6354
6280
6421
6365
7151
6277
6389
6315
6155
9781
6183
8911
6151
6105
8028
5970
6100
6023
6028
6010
6027
5903
5959
9239
5688
5704
5707
5803
5829
5826
5936
6095
6094
6172
6269
6757
6955
6193
6268
6085
6037
5943
5920
5990
5905
5809
5709
5682
5583
7955
5500
7647
5590
5471
5598
5570
5452
5401
5463
5595
5654
5538
5669
5763
5870
5740
5864
7222
5757
5648
5577
5494
5386
5318
5333
5339
5368
5268
5249
5121
5033
5793
5094
5154
5261
5366
5453
5340
6267
6149
9979
5213
5216
5106
4999
4872
4792
4804
4710
4664
6653
4763
4841
4919
4944
5020
5108
8791
5209
6503
5076
5096
5005
5930
8720
4819
4816
4739
4648
4550
4980
4534
4574
4639
4786
4913
5838
8580
4977
5037
5164
5253
5182
9004
5044
5115
5039
4939
4824
4880
5025
4908
5008
5173
7259
4850
4788
5519
4742
4625
4551
4490
4542
4459
4383
4350
4255
4160
4071
7943
5317
4277
8045
4592
5042
4167
9296
4332
4429
4448
6101
4655
4624
4751
4686
4556
4497
4393
4287
4339
5474
4224
7268
4140
8412
4129
4126
4031
9317
7218
3951
3983
9739
4074
3989
3892
3880
3841
6230
3781
3804
3902
3973
4056
4081
4110
4190
4197
4229
4348
4452
4509
4456
5127
4283
4334
4235
7266
4102
3972
4004
6783
3788
3743
3685
3593
3484
3498
3573
3676
4901
3543
4307
7788
3318
3402
8991
3984
7978
3457
3332
3428
3432
3383
6192
3385
3302
3258
3347
7765
3406
3492
3536
3504
3534
5596
3616
9150
3728
3800
3859
3960
3905
3816
3722
3627
3699
3592
5565
3739
3693
3773
3784
3695
8405
3890
3571
3493
6621
3512
3479
8355
3388
3431
7925
3351
4990
3198
4561
3145
3118
7814
2985
3044
6123
3569
3005
6255
8494
5254
6405
2867
2904
8499
2829
2807
2732
4796
2654
2627
2551
2486
2402
2497
2580
2626
2574
3366
2407
2332
2238
2172
8624
9649
8583
6588
2456
2433
2348
2255
2326
7961
2308
4065
2388
2395
2425
7361
2577
2515
5242
2578
2610
8097
7887
2808
2767
2666
2702
2591
7804
6014
4237
4602
2889
3473
6140
2957
2894
7049
2916
6498
2969
3021
3041
3133
3115
3539
3112
7512
6297
3223
3292
9785
3190
3228
3144
6116
3089
3422
2917
2898
2820
6546
2713
2658
8523
4015
2841
2860
2902
9360
6564
2960
2988
3058
9882
3161
3152
3210
3159
3245
4884
3287
3271
3372
3392
7526
3449
3529
4320
4914
3538
3524
3606
3694
3696
3774
9938
3713
5451
3603
3706
3736
3808
3851
3921
3878
3814
3957
3815
8848
3927
3987
9987
8413
4174
4242
4268
8502
4141
9504
3980
4069
4170
4269
4340
4371
4357
4341
5771
6647
5713
6496
4439
4396
8790
4519
4543
4635
4700
4689
4757
4662
4622
4594
4514
4406
4380
5210
4260
4182
4226
4294
4353
4245
4188
4885
4024
3917
3846
6000
8364
4137
4063
4123
4185
4177
4076
4156
4075
4171
4216
4127
4032
3914
8313
3752
5148
3585
3611
3551
9974
3462
3368
3465
3518
9655
3330
4276
3135
3084
3023
8018
3180
5190
3233
7516
3064
7635
4084
4852
2868
2858
2777
2676
2672
2765
2783
3138
2876
2971
3036
3139
3143
8022
5882
3335
3429
3533
3597
3672
3705
6978
3798
3723
3806
3857
3913
3875
3971
4039
3976
3918
4042
4013
3979
3864
3883
6470
3727
8428
3590
3481
3397
3296
3241
5077
8951
7613
3447
3459
3362
3331
3267
3191
4010
3200
3128
3087
4595
4249
3140
4399
3056
3123
3037
2953
2979
7172
3059
6680
2958
2998
9367
8268
2811
2740
2655
2563
3652
2469
3448
2598
9441
3925
2451
2391
6353
2297
2161
2236
2223
4370
6302
2043
1943
1855
1769
3225
1770
4766
9321
8466
8885
4523
1567
1628
6961
1666
1709
1754
1797
1758
6833
6004
1837
1856
7730
7992
2021
7043
2098
2155
2217
2276
2207
2301
2373
2471
5515
2480
3035
2556
5286
2630
2719
7601
2855
2903
2890
2899
6509
2804
6875
2827
2749
2686
2612
2536
2496
2588
2663
2720
2729
3666
2618
5575
2455
2398
2438
2339
2358
2269
2202
9845
2379
2145
2106
6453
1976
5074
5203
1938
2333
2095
4000
2137
2191
2254
3120
2363
2411
2353
2285
2261
2178
2135
3377
2010
6731
2051
7480
1748
1673
1703
1784
1852
6520
1956
8058
3748
2069
2118
2183
7245
2170
2176
4002
6369
2371
2361
2259
2220
2129
2066
2116
4316
2040
1944
6938
2920
2117
6447
2267
2313
2213
8385
6068
1968
3077
8718
2685
7048
6513
1700
1759
1742
1827
1884
1962
1899
7832
9607
1763
7311
1858
1845
5467
2762
1616
6635
4117
1611
3858
1527
9214
